Voyager 1 backpropagation through Centaur 2 burn
dpitch: -4.4145975092642e+00 (-0x1.1a88c3fdd2bb0p+2)
dyaw: -4.3948795771235e-02 (-0x1.68074e11273aep-5)
dthr: -9.8050768202776e-03 (-0x1.414af22390e9dp-7)
pitchrate: 4.8866980903021e-03 (0x1.4041307bb7cd4p-8)
fps: 100 
 simt=0 in ET: -7.0441579085945e+08  (-0x1.4fe44176e027dp+29) (1977-09-05T12:56:49.140 TDB,1977-09-05T12:56:00.957Z)
Initial state (simt, ICRF, SI): 
simt:   3.6000224509525e+03  rx:    6.1669802228837e+06  ry:   -2.5492715020224e+06  rz:   -1.6002419432390e+06
           0x1.c200b7eb0f5c2p+11       0x1.786710e43b9e3p+22      -0x1.3730bc042457ep+21      -0x1.86af1f1781d1bp+20
                              vx:    8.1876629249787e+03  vy:    8.9161355826285e+03  vz:    4.5422690399699e+03
                                   0x1.ffba9b5738f38p+12       0x1.16a115ac58590p+13       0x1.1be44dfcdafe5p+12
Final state (simt, ICRF, SI): 
simt:   3.1897924509525e+03  rx:    3.0091256754464e+06  ry:   -5.0533511823480e+06  rz:   -2.8457048498460e+06
           0x1.8eb95bc219998p+11       0x1.6f532d6750766p+21      -0x1.346e9cbab96bfp+22      -0x1.5b6046cc7c135p+21
                              vx:    6.9350913199676e+03  vy:    3.2685414670327e+03  vz:    1.5259743522914e+03
                                   0x1.b171760bed273p+12       0x1.989153b2abad0p+11       0x1.7d7e5bc9b6a32p+10
State just after Centaur burn 1 (simt, ICRF, SI): 
simt:   5.9599245095253e+02  rx:   -3.2599006654030e+06  ry:    4.9369474983107e+06  rz:    2.7982397981361e+06
           0x1.29ff08a1fffffp+9       -0x1.8defe552becd1p+21      0x1.2d53cdfe452aap+22      0x1.5594fe629531fp+21
                              vx:   -6.7621383275258e+03  vy:   -3.5266662967696e+03  vz:   -1.6562806613201e+03
                                   -0x1.a6a23696ec785p+12       -0x1.b8d5524d9a579p+11       -0x1.9e11f65ae5c9ap+10
Iterations: 95
dpitch=-4.414598 deg, dyaw=-0.043949 deg, dthr=-0.009805, pitchrate=0.004887 deg/s
ahist=3533.81 nmi,acalc=3533.8100399097766 nmi,da=-3.990977666035178e-05 nmi,    -0.0 sigma
ehist=3.8e-05 ,ecalc=3.800983174297959e-05 ,de=-9.831742979590687e-09 ,    -0.0 sigma
ihist=28.5201 deg,icalc=28.520197187685092 deg,di=-9.718768509259235e-05 deg,    -0.0 sigma
Cost: 9.451e-05
Optimizer results:   message: CONVERGENCE: RELATIVE REDUCTION OF F <= FACTR*EPSMCH
  success: True
   status: 0
      fun: 9.451400827095038e-05
        x: [-4.415e+00 -4.395e-02 -9.805e-03  4.887e-03]
      nit: 10
      jac: [-2.961e-02 -6.442e-01  6.463e-01 -2.151e+00]
     nfev: 95
     njev: 19
 hess_inv: <4x4 LbfgsInvHessProduct with dtype=float64>
